# Predicted site specific amino acid frequencies from model WT, Lambda= 0.840
# ave(DeltaG/T)= -168.74
# Flux model: JTT
#pos AA_PDB    A     R     N     D     C     Q     E     G     H     I     L     K     M     F     P     S     T     W     Y     V Entropy
#P_MUT P= 0.054 0.033 0.070 0.056 0.027 0.022 0.035 0.069 0.017 0.057 0.106 0.060 0.030 0.046 0.033 0.077 0.058 0.022 0.050 0.077   2.90
  1 S  0.055 0.031 0.084 0.081 0.018 0.023 0.048 0.110 0.017 0.035 0.064 0.075 0.024 0.024 0.048 0.105 0.065 0.013 0.029 0.051   2.83
  2 Q  0.055 0.023 0.061 0.044 0.029 0.019 0.030 0.062 0.014 0.074 0.138 0.058 0.031 0.041 0.029 0.065 0.064 0.017 0.045 0.102   2.84
  3 A  0.052 0.028 0.099 0.098 0.022 0.022 0.048 0.113 0.019 0.032 0.050 0.076 0.020 0.026 0.046 0.091 0.078 0.014 0.026 0.041   2.82
  4 W  0.052 0.032 0.087 0.102 0.018 0.022 0.052 0.123 0.021 0.031 0.042 0.070 0.019 0.023 0.053 0.106 0.076 0.013 0.023 0.034   2.80
  5 Q  0.047 0.039 0.109 0.124 0.019 0.024 0.054 0.100 0.020 0.022 0.035 0.082 0.025 0.017 0.040 0.099 0.079 0.015 0.030 0.020   2.78
  6 P  0.049 0.039 0.095 0.073 0.028 0.021 0.040 0.058 0.020 0.047 0.078 0.082 0.028 0.038 0.033 0.065 0.080 0.025 0.060 0.042   2.90
  7 G  0.055 0.028 0.085 0.049 0.032 0.018 0.034 0.064 0.017 0.051 0.111 0.071 0.027 0.031 0.034 0.077 0.075 0.020 0.043 0.079   2.87
  8 V  0.048 0.017 0.035 0.023 0.030 0.014 0.017 0.035 0.011 0.093 0.225 0.039 0.028 0.049 0.020 0.043 0.046 0.019 0.063 0.146   2.63
  9 A  0.054 0.025 0.059 0.053 0.027 0.020 0.031 0.076 0.015 0.054 0.119 0.055 0.021 0.041 0.040 0.090 0.058 0.016 0.048 0.098   2.85
 10 M  0.047 0.024 0.074 0.071 0.025 0.028 0.040 0.064 0.013 0.047 0.098 0.056 0.019 0.074 0.029 0.058 0.048 0.016 0.080 0.090   2.86
 11 P  0.049 0.030 0.089 0.095 0.015 0.024 0.059 0.126 0.016 0.028 0.051 0.075 0.017 0.026 0.054 0.105 0.060 0.010 0.028 0.045   2.79
 12 N  0.047 0.030 0.098 0.105 0.015 0.024 0.055 0.136 0.017 0.025 0.042 0.067 0.018 0.018 0.056 0.115 0.063 0.011 0.021 0.036   2.75
 13 L  0.052 0.032 0.095 0.090 0.016 0.022 0.051 0.119 0.018 0.029 0.049 0.080 0.022 0.019 0.053 0.111 0.069 0.012 0.023 0.039   2.79
 14 Y  0.046 0.040 0.089 0.048 0.030 0.023 0.022 0.061 0.015 0.042 0.107 0.076 0.028 0.048 0.029 0.065 0.055 0.020 0.090 0.067   2.87
 15 K  0.046 0.040 0.079 0.052 0.023 0.025 0.024 0.096 0.013 0.043 0.090 0.066 0.025 0.055 0.032 0.081 0.045 0.014 0.074 0.076   2.86
 16 M  0.050 0.031 0.101 0.090 0.019 0.022 0.051 0.118 0.018 0.023 0.046 0.083 0.021 0.017 0.051 0.115 0.071 0.012 0.023 0.038   2.78
 17 Q  0.048 0.032 0.109 0.095 0.022 0.026 0.045 0.100 0.017 0.027 0.048 0.078 0.022 0.023 0.043 0.109 0.071 0.013 0.032 0.039   2.81
 18 R  0.047 0.027 0.108 0.093 0.019 0.022 0.041 0.138 0.015 0.021 0.040 0.072 0.022 0.014 0.048 0.138 0.070 0.009 0.023 0.032   2.72
 19 M  0.058 0.026 0.081 0.053 0.029 0.020 0.025 0.082 0.015 0.042 0.106 0.067 0.029 0.029 0.040 0.101 0.072 0.014 0.043 0.068   2.85
 20 L  0.057 0.030 0.076 0.073 0.015 0.023 0.039 0.116 0.018 0.030 0.066 0.076 0.024 0.020 0.053 0.131 0.068 0.012 0.021 0.053   2.79
 21 L  0.054 0.028 0.065 0.061 0.022 0.024 0.031 0.069 0.016 0.052 0.116 0.061 0.030 0.035 0.037 0.097 0.064 0.014 0.041 0.083   2.86
 22 E  0.051 0.028 0.073 0.052 0.032 0.019 0.027 0.076 0.016 0.050 0.117 0.068 0.026 0.028 0.042 0.087 0.072 0.016 0.041 0.080   2.85
 23 K  0.039 0.051 0.096 0.086 0.024 0.031 0.052 0.064 0.020 0.027 0.052 0.104 0.021 0.021 0.030 0.105 0.073 0.017 0.044 0.039   2.84
 24 C  0.037 0.048 0.075 0.094 0.024 0.025 0.055 0.091 0.023 0.030 0.055 0.084 0.023 0.020 0.038 0.112 0.073 0.020 0.037 0.037   2.85
 25 D  0.049 0.024 0.105 0.104 0.018 0.022 0.051 0.142 0.016 0.020 0.039 0.067 0.020 0.013 0.055 0.125 0.066 0.009 0.020 0.033   2.72
 26 L  0.051 0.024 0.072 0.110 0.023 0.017 0.065 0.142 0.020 0.031 0.045 0.043 0.024 0.018 0.048 0.120 0.079 0.015 0.024 0.029   2.76
 27 Q  0.059 0.026 0.077 0.097 0.015 0.020 0.050 0.137 0.020 0.031 0.048 0.057 0.024 0.017 0.055 0.123 0.080 0.012 0.020 0.035   2.76
 28 N  0.055 0.026 0.088 0.101 0.021 0.022 0.052 0.105 0.018 0.034 0.057 0.049 0.026 0.024 0.044 0.113 0.083 0.016 0.028 0.038   2.82
 29 Y  0.048 0.027 0.088 0.102 0.014 0.020 0.056 0.147 0.016 0.022 0.039 0.069 0.018 0.013 0.065 0.130 0.067 0.009 0.015 0.035   2.71
 30 G  0.041 0.030 0.100 0.111 0.013 0.021 0.052 0.161 0.017 0.015 0.027 0.075 0.015 0.010 0.063 0.139 0.063 0.008 0.014 0.025   2.64
 31 E  0.047 0.029 0.094 0.105 0.013 0.021 0.053 0.159 0.017 0.016 0.030 0.072 0.016 0.011 0.063 0.143 0.062 0.008 0.014 0.028   2.66
 32 N  0.058 0.021 0.049 0.030 0.023 0.017 0.023 0.068 0.013 0.086 0.165 0.042 0.030 0.046 0.028 0.061 0.052 0.016 0.038 0.134   2.75
 33 A  0.055 0.025 0.084 0.081 0.014 0.021 0.047 0.152 0.016 0.026 0.047 0.078 0.018 0.013 0.056 0.132 0.070 0.007 0.015 0.043   2.71
 34 V  0.073 0.020 0.051 0.038 0.025 0.014 0.032 0.092 0.016 0.078 0.120 0.042 0.029 0.044 0.038 0.077 0.069 0.016 0.030 0.096   2.82
 35 I  0.061 0.014 0.046 0.037 0.024 0.020 0.022 0.065 0.012 0.087 0.166 0.033 0.029 0.048 0.030 0.057 0.049 0.014 0.045 0.141   2.74
 36 P  0.056 0.027 0.054 0.038 0.021 0.016 0.032 0.076 0.015 0.075 0.143 0.053 0.025 0.038 0.044 0.077 0.062 0.017 0.035 0.098   2.82
 37 K  0.044 0.031 0.098 0.102 0.013 0.021 0.058 0.141 0.017 0.018 0.031 0.083 0.017 0.012 0.061 0.136 0.068 0.009 0.015 0.025   2.68
 38 G  0.046 0.030 0.098 0.109 0.012 0.021 0.059 0.151 0.017 0.015 0.027 0.078 0.016 0.011 0.063 0.140 0.064 0.008 0.013 0.024   2.65
 39 I  0.062 0.027 0.057 0.049 0.023 0.021 0.033 0.078 0.017 0.060 0.112 0.056 0.031 0.035 0.041 0.094 0.060 0.017 0.038 0.089   2.86
 40 M  0.056 0.023 0.039 0.024 0.028 0.015 0.018 0.055 0.014 0.089 0.169 0.046 0.035 0.047 0.029 0.064 0.050 0.018 0.043 0.135   2.75
 41 M  0.053 0.024 0.070 0.044 0.032 0.022 0.027 0.059 0.015 0.060 0.132 0.064 0.030 0.044 0.028 0.061 0.064 0.017 0.053 0.100   2.85
 42 N  0.051 0.044 0.106 0.090 0.015 0.028 0.048 0.106 0.023 0.021 0.036 0.097 0.023 0.023 0.049 0.103 0.059 0.016 0.032 0.031   2.81
 43 V  0.055 0.029 0.054 0.037 0.026 0.019 0.026 0.062 0.016 0.075 0.129 0.051 0.032 0.054 0.034 0.069 0.054 0.021 0.050 0.106   2.85
 44 A  0.041 0.013 0.020 0.013 0.018 0.012 0.011 0.025 0.008 0.170 0.248 0.022 0.028 0.066 0.013 0.030 0.035 0.015 0.047 0.165   2.42
 45 K  0.045 0.038 0.063 0.034 0.027 0.022 0.027 0.028 0.016 0.060 0.154 0.068 0.028 0.058 0.017 0.039 0.053 0.032 0.098 0.094   2.81
 46 Y  0.040 0.025 0.030 0.012 0.045 0.011 0.011 0.025 0.011 0.116 0.191 0.031 0.038 0.093 0.011 0.034 0.030 0.028 0.081 0.136   2.63
 47 T  0.051 0.013 0.027 0.013 0.030 0.010 0.012 0.029 0.009 0.113 0.242 0.025 0.026 0.065 0.016 0.028 0.033 0.020 0.058 0.179   2.50
 48 Q  0.047 0.025 0.034 0.022 0.041 0.013 0.016 0.015 0.015 0.094 0.170 0.029 0.039 0.095 0.011 0.024 0.048 0.053 0.136 0.071   2.70
 49 L  0.029 0.011 0.016 0.010 0.024 0.010 0.008 0.011 0.007 0.147 0.312 0.017 0.019 0.071 0.010 0.019 0.030 0.020 0.078 0.150   2.29
 50 C  0.044 0.020 0.033 0.015 0.024 0.011 0.014 0.035 0.009 0.096 0.223 0.035 0.023 0.088 0.020 0.031 0.035 0.020 0.063 0.161   2.58
 51 Q  0.052 0.046 0.060 0.035 0.026 0.023 0.019 0.045 0.020 0.070 0.121 0.057 0.038 0.060 0.022 0.060 0.054 0.030 0.099 0.063   2.87
 52 Y  0.040 0.023 0.025 0.014 0.022 0.014 0.012 0.022 0.009 0.111 0.239 0.031 0.028 0.085 0.015 0.035 0.034 0.020 0.097 0.126   2.55
 53 L  0.038 0.015 0.020 0.011 0.022 0.010 0.011 0.037 0.008 0.154 0.239 0.023 0.022 0.081 0.017 0.034 0.030 0.013 0.042 0.174   2.44
 54 N  0.050 0.032 0.067 0.047 0.031 0.018 0.037 0.069 0.016 0.053 0.120 0.055 0.025 0.054 0.040 0.060 0.047 0.023 0.073 0.085   2.88
 55 T  0.049 0.031 0.100 0.110 0.014 0.023 0.054 0.125 0.018 0.022 0.037 0.083 0.020 0.015 0.057 0.113 0.069 0.011 0.020 0.030   2.74
 56 L  0.043 0.029 0.061 0.066 0.017 0.020 0.053 0.106 0.015 0.059 0.098 0.054 0.022 0.044 0.048 0.084 0.057 0.015 0.037 0.070   2.86
 57 T  0.030 0.045 0.109 0.158 0.016 0.028 0.086 0.090 0.020 0.013 0.028 0.082 0.017 0.011 0.040 0.107 0.060 0.017 0.025 0.019   2.70
 58 L  0.051 0.029 0.049 0.047 0.021 0.015 0.047 0.096 0.014 0.069 0.133 0.037 0.029 0.050 0.038 0.077 0.049 0.022 0.037 0.088   2.84
 59 A  0.046 0.039 0.065 0.050 0.034 0.022 0.023 0.070 0.016 0.064 0.119 0.043 0.043 0.036 0.029 0.094 0.055 0.025 0.051 0.075   2.88
 60 V  0.047 0.033 0.060 0.052 0.022 0.021 0.049 0.057 0.016 0.068 0.126 0.035 0.032 0.067 0.035 0.063 0.046 0.034 0.057 0.080   2.89
 61 P  0.052 0.034 0.068 0.060 0.023 0.025 0.039 0.082 0.019 0.056 0.087 0.067 0.032 0.032 0.034 0.093 0.064 0.018 0.048 0.067   2.89
 62 Y  0.043 0.039 0.111 0.107 0.017 0.023 0.042 0.129 0.017 0.017 0.028 0.078 0.021 0.011 0.050 0.149 0.065 0.010 0.018 0.024   2.69
 63 N  0.031 0.034 0.111 0.151 0.008 0.024 0.072 0.157 0.018 0.008 0.014 0.083 0.013 0.007 0.055 0.127 0.054 0.008 0.013 0.010   2.56
 64 M  0.058 0.034 0.038 0.013 0.019 0.017 0.013 0.031 0.013 0.093 0.170 0.044 0.036 0.115 0.017 0.041 0.036 0.027 0.066 0.118   2.71
 65 R  0.038 0.051 0.082 0.037 0.023 0.025 0.040 0.044 0.016 0.044 0.109 0.091 0.027 0.076 0.016 0.039 0.048 0.031 0.090 0.073   2.86
 66 V  0.045 0.012 0.017 0.006 0.010 0.008 0.013 0.027 0.005 0.156 0.243 0.019 0.018 0.114 0.012 0.024 0.023 0.010 0.029 0.209   2.29
 67 I  0.034 0.012 0.015 0.009 0.016 0.007 0.011 0.027 0.006 0.156 0.289 0.022 0.018 0.060 0.017 0.026 0.029 0.011 0.042 0.194   2.29
 68 H  0.052 0.029 0.034 0.018 0.034 0.015 0.013 0.028 0.014 0.119 0.165 0.041 0.039 0.083 0.014 0.047 0.048 0.029 0.065 0.114   2.73
 69 F  0.043 0.019 0.023 0.014 0.047 0.012 0.007 0.031 0.013 0.169 0.193 0.026 0.026 0.080 0.013 0.035 0.040 0.019 0.070 0.120   2.58
 70 G  0.047 0.045 0.105 0.108 0.013 0.029 0.040 0.142 0.023 0.015 0.023 0.092 0.021 0.012 0.044 0.133 0.058 0.011 0.023 0.019   2.69
 71 A  0.057 0.051 0.063 0.039 0.031 0.022 0.021 0.050 0.023 0.045 0.091 0.077 0.041 0.044 0.025 0.083 0.055 0.030 0.094 0.056   2.90
 72 G  0.064 0.037 0.075 0.054 0.022 0.020 0.031 0.108 0.022 0.041 0.069 0.085 0.029 0.024 0.042 0.100 0.073 0.017 0.033 0.056   2.85
 73 S  0.055 0.036 0.088 0.074 0.019 0.023 0.045 0.119 0.019 0.030 0.052 0.075 0.026 0.024 0.054 0.112 0.062 0.014 0.025 0.048   2.83
 74 D  0.043 0.027 0.100 0.111 0.010 0.021 0.059 0.169 0.016 0.016 0.026 0.078 0.014 0.010 0.065 0.128 0.065 0.006 0.012 0.024   2.63
 75 K  0.049 0.024 0.095 0.099 0.011 0.020 0.059 0.164 0.016 0.022 0.034 0.077 0.015 0.012 0.063 0.119 0.068 0.007 0.013 0.033   2.67
 76 G  0.064 0.021 0.066 0.053 0.021 0.017 0.040 0.095 0.016 0.053 0.110 0.063 0.021 0.027 0.048 0.078 0.071 0.013 0.030 0.092   2.83
 77 V  0.058 0.019 0.048 0.041 0.032 0.015 0.023 0.063 0.015 0.067 0.171 0.036 0.031 0.038 0.036 0.060 0.052 0.023 0.046 0.125   2.78
 78 A  0.065 0.028 0.051 0.036 0.034 0.019 0.020 0.053 0.018 0.062 0.141 0.057 0.035 0.040 0.027 0.075 0.061 0.023 0.060 0.095   2.84
 79 P  0.069 0.019 0.053 0.038 0.032 0.019 0.021 0.064 0.015 0.064 0.142 0.048 0.033 0.045 0.028 0.063 0.059 0.018 0.047 0.120   2.82
 80 G  0.060 0.027 0.076 0.071 0.020 0.022 0.045 0.095 0.018 0.046 0.076 0.068 0.023 0.039 0.051 0.091 0.062 0.013 0.030 0.067   2.87
 81 T  0.062 0.042 0.059 0.053 0.025 0.031 0.032 0.050 0.023 0.050 0.090 0.066 0.041 0.056 0.022 0.086 0.053 0.026 0.081 0.052   2.92
 82 A  0.052 0.040 0.093 0.092 0.017 0.029 0.049 0.096 0.021 0.026 0.047 0.090 0.028 0.022 0.044 0.107 0.064 0.016 0.036 0.033   2.83
 83 V  0.046 0.025 0.049 0.025 0.059 0.013 0.017 0.041 0.013 0.079 0.151 0.042 0.027 0.077 0.023 0.045 0.042 0.027 0.083 0.118   2.78
 84 L  0.042 0.019 0.033 0.020 0.046 0.012 0.016 0.038 0.010 0.122 0.173 0.028 0.025 0.106 0.018 0.043 0.034 0.018 0.058 0.138   2.66
 85 R  0.066 0.041 0.069 0.038 0.020 0.032 0.026 0.052 0.018 0.061 0.096 0.080 0.035 0.054 0.020 0.086 0.059 0.018 0.062 0.067   2.88
 86 Q  0.062 0.020 0.063 0.057 0.022 0.019 0.032 0.093 0.016 0.054 0.126 0.052 0.025 0.028 0.048 0.076 0.060 0.015 0.034 0.099   2.82
 87 W  0.029 0.009 0.012 0.003 0.023 0.004 0.004 0.012 0.005 0.137 0.301 0.012 0.016 0.142 0.007 0.009 0.015 0.016 0.045 0.201   2.12
 88 L  0.044 0.011 0.019 0.008 0.012 0.009 0.013 0.026 0.006 0.153 0.256 0.017 0.020 0.105 0.014 0.021 0.026 0.014 0.033 0.192   2.33
 89 P  0.063 0.021 0.048 0.025 0.021 0.016 0.020 0.070 0.012 0.089 0.155 0.040 0.027 0.055 0.031 0.062 0.048 0.015 0.032 0.148   2.73
 90 T  0.043 0.025 0.103 0.122 0.014 0.022 0.051 0.154 0.017 0.013 0.024 0.074 0.015 0.008 0.064 0.144 0.067 0.007 0.011 0.023   2.62
 91 G  0.040 0.025 0.106 0.137 0.012 0.022 0.054 0.152 0.017 0.011 0.020 0.075 0.014 0.006 0.064 0.143 0.066 0.007 0.011 0.018   2.58
 92 T  0.053 0.031 0.071 0.062 0.019 0.023 0.045 0.097 0.018 0.052 0.092 0.055 0.030 0.040 0.045 0.081 0.055 0.020 0.041 0.069   2.89
 93 L  0.052 0.020 0.051 0.042 0.020 0.015 0.040 0.091 0.013 0.066 0.138 0.046 0.026 0.048 0.038 0.057 0.043 0.018 0.043 0.133   2.80
 94 L  0.058 0.019 0.038 0.024 0.020 0.016 0.029 0.042 0.013 0.101 0.182 0.036 0.028 0.080 0.021 0.045 0.047 0.021 0.049 0.128   2.72
 95 V  0.045 0.011 0.018 0.013 0.024 0.008 0.016 0.029 0.007 0.122 0.247 0.020 0.024 0.075 0.017 0.029 0.030 0.015 0.047 0.205   2.42
 96 D  0.065 0.022 0.044 0.048 0.038 0.022 0.027 0.035 0.016 0.065 0.146 0.037 0.034 0.048 0.021 0.080 0.062 0.024 0.083 0.081   2.84
 97 S  0.042 0.033 0.052 0.048 0.052 0.014 0.020 0.044 0.015 0.051 0.166 0.033 0.043 0.035 0.034 0.074 0.044 0.044 0.073 0.084   2.83
 98 D  0.045 0.035 0.058 0.053 0.046 0.019 0.021 0.057 0.016 0.057 0.137 0.037 0.046 0.035 0.033 0.090 0.053 0.036 0.049 0.076   2.87
 99 L  0.043 0.040 0.093 0.106 0.017 0.027 0.042 0.127 0.019 0.023 0.034 0.075 0.025 0.014 0.048 0.144 0.064 0.012 0.020 0.026   2.74
100 N  0.050 0.023 0.080 0.082 0.015 0.023 0.045 0.127 0.014 0.037 0.068 0.067 0.020 0.018 0.063 0.117 0.067 0.008 0.019 0.057   2.78
101 D  0.053 0.019 0.068 0.066 0.018 0.020 0.042 0.113 0.013 0.050 0.100 0.055 0.020 0.024 0.061 0.099 0.065 0.009 0.019 0.087   2.79
102 F  0.050 0.040 0.052 0.041 0.052 0.021 0.018 0.038 0.018 0.062 0.114 0.046 0.056 0.043 0.017 0.082 0.054 0.040 0.083 0.070   2.89
103 V  0.059 0.025 0.073 0.070 0.027 0.018 0.041 0.103 0.016 0.039 0.083 0.055 0.029 0.023 0.052 0.106 0.062 0.017 0.026 0.075   2.84
104 S  0.060 0.027 0.084 0.072 0.019 0.028 0.044 0.086 0.015 0.038 0.070 0.069 0.024 0.026 0.040 0.126 0.069 0.011 0.031 0.058   2.83
105 D  0.050 0.021 0.087 0.109 0.015 0.025 0.072 0.118 0.014 0.026 0.052 0.059 0.020 0.020 0.056 0.116 0.064 0.010 0.020 0.045   2.77
106 A  0.053 0.036 0.088 0.072 0.018 0.027 0.059 0.090 0.018 0.040 0.059 0.072 0.027 0.035 0.035 0.103 0.066 0.017 0.038 0.046   2.87
107 D  0.053 0.028 0.088 0.074 0.014 0.025 0.064 0.108 0.015 0.039 0.071 0.061 0.021 0.034 0.051 0.099 0.063 0.013 0.026 0.054   2.84
108 S  0.068 0.027 0.078 0.049 0.016 0.021 0.040 0.104 0.016 0.046 0.087 0.075 0.025 0.035 0.047 0.085 0.060 0.013 0.026 0.083   2.84
109 T  0.061 0.027 0.075 0.073 0.021 0.022 0.040 0.099 0.019 0.040 0.082 0.067 0.024 0.024 0.050 0.098 0.074 0.015 0.033 0.057   2.85
110 L  0.065 0.029 0.051 0.031 0.023 0.015 0.029 0.062 0.018 0.076 0.129 0.058 0.039 0.046 0.028 0.058 0.058 0.027 0.044 0.114   2.84
111 I  0.051 0.049 0.095 0.055 0.014 0.026 0.030 0.083 0.021 0.037 0.078 0.106 0.030 0.030 0.039 0.080 0.062 0.019 0.046 0.049   2.87
112 G  0.057 0.040 0.086 0.065 0.018 0.023 0.040 0.115 0.020 0.040 0.058 0.078 0.027 0.028 0.043 0.106 0.066 0.015 0.028 0.046   2.85
113 D  0.062 0.026 0.076 0.057 0.021 0.020 0.040 0.106 0.016 0.046 0.085 0.064 0.026 0.029 0.049 0.094 0.065 0.014 0.025 0.076   2.84
114 C  0.057 0.023 0.069 0.052 0.028 0.017 0.024 0.082 0.018 0.050 0.129 0.056 0.024 0.033 0.053 0.062 0.060 0.022 0.044 0.098   2.85
115 A  0.054 0.025 0.095 0.104 0.015 0.021 0.053 0.136 0.018 0.023 0.041 0.077 0.017 0.020 0.066 0.104 0.063 0.010 0.018 0.040   2.75
116 T  0.048 0.035 0.098 0.096 0.017 0.021 0.045 0.145 0.019 0.021 0.037 0.078 0.023 0.014 0.057 0.123 0.061 0.012 0.018 0.032   2.74
117 V  0.062 0.030 0.077 0.053 0.025 0.020 0.033 0.106 0.018 0.055 0.076 0.068 0.024 0.044 0.045 0.088 0.060 0.016 0.028 0.072   2.87
118 H  0.070 0.020 0.051 0.038 0.017 0.016 0.031 0.080 0.014 0.064 0.134 0.054 0.031 0.033 0.043 0.077 0.059 0.015 0.026 0.126   2.79
119 T  0.050 0.014 0.034 0.018 0.026 0.009 0.022 0.041 0.010 0.084 0.219 0.033 0.024 0.052 0.027 0.031 0.037 0.021 0.046 0.203   2.56
120 A  0.057 0.021 0.097 0.104 0.018 0.022 0.071 0.108 0.016 0.028 0.056 0.059 0.020 0.018 0.060 0.093 0.069 0.013 0.019 0.051   2.80
121 N  0.042 0.017 0.089 0.101 0.024 0.019 0.108 0.083 0.014 0.033 0.083 0.045 0.021 0.032 0.048 0.057 0.061 0.024 0.037 0.064   2.83
122 K  0.045 0.020 0.091 0.140 0.014 0.025 0.125 0.086 0.016 0.024 0.055 0.052 0.020 0.024 0.051 0.067 0.060 0.020 0.031 0.035   2.77
123 W  0.013 0.004 0.004 0.004 0.011 0.004 0.004 0.004 0.004 0.153 0.380 0.004 0.010 0.090 0.004 0.004 0.006 0.014 0.038 0.250   1.78
124 D  0.039 0.028 0.051 0.056 0.028 0.019 0.040 0.060 0.016 0.069 0.144 0.030 0.038 0.067 0.033 0.057 0.046 0.040 0.066 0.075   2.87
125 L  0.027 0.008 0.009 0.006 0.013 0.005 0.010 0.021 0.005 0.189 0.305 0.011 0.018 0.083 0.012 0.019 0.021 0.012 0.031 0.196   2.14
126 I  0.016 0.004 0.004 0.004 0.013 0.004 0.004 0.005 0.004 0.196 0.428 0.005 0.013 0.056 0.004 0.008 0.013 0.009 0.035 0.175   1.79
127 I  0.035 0.008 0.013 0.007 0.017 0.007 0.007 0.013 0.006 0.155 0.324 0.014 0.019 0.090 0.011 0.018 0.024 0.015 0.036 0.182   2.18
128 S  0.051 0.012 0.036 0.024 0.027 0.011 0.023 0.033 0.009 0.078 0.262 0.026 0.022 0.041 0.028 0.035 0.044 0.020 0.050 0.168   2.55
129 D  0.042 0.040 0.096 0.081 0.035 0.022 0.035 0.053 0.021 0.029 0.094 0.081 0.023 0.029 0.040 0.061 0.065 0.035 0.058 0.060   2.89
130 M  0.057 0.025 0.082 0.044 0.059 0.015 0.026 0.068 0.016 0.046 0.123 0.047 0.024 0.039 0.037 0.064 0.053 0.026 0.054 0.094   2.86
131 Y  0.058 0.030 0.100 0.088 0.022 0.024 0.049 0.092 0.019 0.029 0.062 0.068 0.022 0.022 0.049 0.097 0.071 0.016 0.034 0.048   2.84
132 D  0.055 0.023 0.083 0.088 0.022 0.019 0.051 0.109 0.018 0.034 0.078 0.056 0.021 0.021 0.062 0.090 0.069 0.016 0.027 0.058   2.83
133 P  0.052 0.024 0.099 0.099 0.016 0.022 0.061 0.131 0.016 0.023 0.044 0.069 0.018 0.016 0.063 0.111 0.070 0.010 0.016 0.040   2.74
134 R  0.048 0.027 0.099 0.099 0.012 0.021 0.052 0.160 0.016 0.016 0.031 0.078 0.017 0.010 0.063 0.136 0.068 0.007 0.012 0.027   2.65
135 T  0.048 0.022 0.092 0.107 0.013 0.020 0.055 0.168 0.015 0.018 0.035 0.065 0.016 0.010 0.071 0.132 0.064 0.007 0.012 0.031   2.65
136 K  0.051 0.033 0.099 0.097 0.016 0.025 0.055 0.121 0.019 0.023 0.043 0.077 0.023 0.019 0.056 0.108 0.061 0.013 0.025 0.037   2.79
137 H  0.061 0.020 0.089 0.080 0.016 0.019 0.038 0.161 0.014 0.027 0.048 0.065 0.020 0.014 0.062 0.131 0.068 0.007 0.014 0.047   2.70
138 V  0.055 0.034 0.081 0.087 0.015 0.022 0.048 0.121 0.018 0.027 0.049 0.084 0.021 0.018 0.056 0.126 0.061 0.010 0.020 0.046   2.78
139 T  0.055 0.022 0.086 0.098 0.015 0.021 0.061 0.136 0.015 0.027 0.052 0.061 0.018 0.017 0.067 0.111 0.064 0.010 0.016 0.049   2.75
140 K  0.054 0.022 0.097 0.093 0.015 0.022 0.056 0.133 0.015 0.026 0.052 0.066 0.018 0.017 0.064 0.106 0.067 0.010 0.016 0.050   2.76
141 E  0.060 0.026 0.085 0.064 0.016 0.020 0.036 0.142 0.016 0.032 0.060 0.078 0.023 0.019 0.059 0.113 0.066 0.010 0.017 0.058   2.77
142 N  0.048 0.041 0.072 0.081 0.016 0.023 0.062 0.092 0.017 0.037 0.072 0.075 0.022 0.041 0.045 0.095 0.047 0.014 0.043 0.057   2.87
143 D  0.056 0.022 0.079 0.078 0.015 0.019 0.040 0.167 0.015 0.031 0.054 0.067 0.019 0.027 0.068 0.102 0.058 0.009 0.019 0.055   2.75
144 S  0.059 0.023 0.092 0.081 0.020 0.024 0.037 0.134 0.015 0.029 0.057 0.073 0.022 0.034 0.052 0.097 0.060 0.010 0.026 0.056   2.80
145 K  0.044 0.027 0.113 0.112 0.022 0.024 0.064 0.102 0.015 0.024 0.053 0.063 0.021 0.031 0.046 0.085 0.053 0.013 0.044 0.043   2.82
146 E  0.054 0.026 0.094 0.080 0.021 0.022 0.043 0.111 0.016 0.032 0.069 0.067 0.022 0.022 0.054 0.105 0.071 0.012 0.026 0.054   2.82
147 G  0.055 0.024 0.090 0.084 0.017 0.022 0.047 0.120 0.015 0.032 0.059 0.069 0.020 0.022 0.060 0.110 0.067 0.011 0.020 0.055   2.79
148 F  0.062 0.032 0.070 0.045 0.042 0.020 0.019 0.097 0.021 0.063 0.079 0.060 0.029 0.057 0.034 0.078 0.055 0.020 0.042 0.075   2.89
149 F  0.040 0.020 0.032 0.017 0.036 0.012 0.021 0.026 0.010 0.106 0.196 0.029 0.023 0.106 0.013 0.026 0.034 0.026 0.078 0.150   2.61
150 T  0.049 0.042 0.092 0.074 0.030 0.021 0.034 0.114 0.019 0.028 0.053 0.078 0.027 0.021 0.044 0.123 0.061 0.017 0.027 0.046   2.83
151 Y  0.047 0.017 0.039 0.019 0.077 0.009 0.010 0.036 0.011 0.072 0.206 0.030 0.029 0.049 0.022 0.043 0.038 0.028 0.072 0.145   2.66
152 L  0.033 0.010 0.015 0.009 0.027 0.007 0.006 0.019 0.008 0.140 0.322 0.016 0.023 0.047 0.014 0.021 0.031 0.020 0.062 0.170   2.28
153 C  0.053 0.032 0.061 0.028 0.024 0.021 0.023 0.045 0.015 0.081 0.147 0.055 0.031 0.073 0.022 0.052 0.052 0.023 0.063 0.097   2.82
154 G  0.057 0.028 0.097 0.095 0.018 0.026 0.055 0.097 0.017 0.033 0.054 0.073 0.023 0.025 0.048 0.098 0.070 0.013 0.027 0.045   2.83
155 F  0.031 0.013 0.017 0.010 0.018 0.010 0.010 0.016 0.006 0.164 0.278 0.019 0.020 0.092 0.011 0.021 0.028 0.016 0.066 0.155   2.33
156 I  0.023 0.006 0.008 0.004 0.017 0.005 0.004 0.008 0.004 0.203 0.317 0.008 0.014 0.108 0.006 0.009 0.016 0.013 0.038 0.189   2.02
157 K  0.056 0.029 0.089 0.068 0.031 0.020 0.036 0.113 0.018 0.042 0.065 0.064 0.024 0.035 0.049 0.094 0.062 0.017 0.027 0.061   2.86
158 Q  0.046 0.030 0.106 0.116 0.018 0.023 0.066 0.109 0.018 0.022 0.044 0.066 0.020 0.016 0.056 0.103 0.064 0.014 0.025 0.036   2.78
159 K  0.051 0.026 0.086 0.075 0.023 0.029 0.049 0.067 0.014 0.039 0.091 0.067 0.022 0.038 0.035 0.078 0.063 0.014 0.063 0.069   2.88
160 L  0.024 0.014 0.011 0.007 0.021 0.007 0.006 0.011 0.007 0.169 0.295 0.016 0.021 0.093 0.008 0.015 0.023 0.023 0.092 0.138   2.26
161 A  0.038 0.032 0.051 0.050 0.024 0.022 0.037 0.063 0.016 0.079 0.123 0.049 0.029 0.068 0.031 0.065 0.046 0.024 0.063 0.088   2.87
162 L  0.025 0.010 0.009 0.004 0.015 0.006 0.004 0.013 0.005 0.210 0.296 0.011 0.022 0.101 0.008 0.016 0.018 0.014 0.026 0.190   2.09
163 G  0.060 0.025 0.058 0.033 0.026 0.020 0.019 0.064 0.015 0.075 0.139 0.055 0.031 0.066 0.032 0.061 0.057 0.019 0.037 0.108   2.82
164 G  0.047 0.037 0.058 0.036 0.038 0.022 0.014 0.042 0.019 0.065 0.138 0.059 0.041 0.058 0.023 0.059 0.053 0.033 0.078 0.077   2.87
165 S  0.045 0.032 0.038 0.016 0.029 0.015 0.009 0.034 0.013 0.100 0.210 0.041 0.041 0.074 0.017 0.044 0.041 0.028 0.068 0.107   2.69
166 I  0.022 0.007 0.007 0.004 0.013 0.005 0.004 0.011 0.004 0.214 0.350 0.008 0.020 0.068 0.007 0.013 0.016 0.011 0.033 0.183   1.98
167 A  0.035 0.009 0.013 0.008 0.016 0.008 0.008 0.021 0.007 0.196 0.301 0.016 0.020 0.063 0.013 0.022 0.032 0.012 0.034 0.168   2.23
168 V  0.046 0.009 0.019 0.008 0.017 0.007 0.009 0.023 0.007 0.123 0.321 0.017 0.020 0.072 0.017 0.021 0.029 0.015 0.040 0.181   2.28
169 K  0.055 0.035 0.068 0.054 0.027 0.026 0.026 0.046 0.023 0.048 0.118 0.068 0.027 0.044 0.030 0.053 0.057 0.035 0.083 0.076   2.89
170 I  0.045 0.032 0.029 0.019 0.024 0.013 0.015 0.027 0.015 0.093 0.182 0.043 0.024 0.126 0.018 0.031 0.037 0.034 0.071 0.123   2.67
171 T  0.041 0.058 0.091 0.105 0.021 0.025 0.048 0.093 0.024 0.023 0.037 0.101 0.021 0.027 0.039 0.100 0.064 0.018 0.037 0.028   2.83
172 E  0.048 0.029 0.078 0.076 0.049 0.021 0.043 0.095 0.017 0.048 0.069 0.053 0.024 0.039 0.035 0.098 0.059 0.015 0.050 0.055   2.88
173 H  0.055 0.028 0.107 0.086 0.019 0.021 0.058 0.117 0.017 0.026 0.051 0.075 0.022 0.022 0.052 0.094 0.064 0.014 0.024 0.049   2.81
174 S  0.050 0.032 0.062 0.042 0.027 0.019 0.023 0.061 0.018 0.067 0.133 0.066 0.026 0.042 0.039 0.066 0.062 0.023 0.060 0.084   2.86
175 W  0.036 0.045 0.065 0.062 0.046 0.023 0.027 0.029 0.022 0.054 0.096 0.057 0.033 0.067 0.020 0.049 0.054 0.048 0.114 0.054   2.89
176 N  0.057 0.031 0.074 0.050 0.051 0.019 0.032 0.070 0.020 0.053 0.097 0.060 0.023 0.044 0.034 0.067 0.064 0.026 0.050 0.079   2.91
177 A  0.053 0.032 0.097 0.096 0.027 0.023 0.043 0.095 0.020 0.034 0.055 0.061 0.027 0.032 0.049 0.089 0.067 0.024 0.029 0.047   2.87
178 D  0.061 0.024 0.099 0.065 0.035 0.021 0.042 0.113 0.017 0.039 0.062 0.064 0.022 0.028 0.046 0.099 0.063 0.013 0.025 0.063   2.84
179 L  0.030 0.007 0.013 0.005 0.036 0.006 0.004 0.015 0.005 0.176 0.291 0.013 0.020 0.073 0.008 0.015 0.022 0.014 0.044 0.204   2.18
180 Y  0.025 0.017 0.016 0.012 0.025 0.010 0.007 0.021 0.006 0.137 0.238 0.015 0.029 0.129 0.010 0.024 0.018 0.021 0.086 0.155   2.40
181 K  0.055 0.034 0.070 0.066 0.024 0.025 0.035 0.084 0.018 0.051 0.082 0.065 0.034 0.032 0.038 0.109 0.061 0.017 0.038 0.062   2.88
182 L  0.050 0.024 0.058 0.039 0.049 0.019 0.028 0.049 0.016 0.087 0.122 0.045 0.026 0.072 0.026 0.054 0.049 0.023 0.064 0.101   2.85
183 M  0.024 0.012 0.011 0.006 0.018 0.007 0.006 0.016 0.005 0.188 0.302 0.014 0.023 0.082 0.010 0.020 0.021 0.015 0.045 0.177   2.19
184 G  0.044 0.041 0.083 0.084 0.020 0.035 0.068 0.043 0.021 0.044 0.078 0.073 0.024 0.040 0.034 0.063 0.060 0.029 0.053 0.059   2.92
185 H  0.051 0.030 0.086 0.070 0.029 0.026 0.058 0.039 0.019 0.055 0.096 0.040 0.032 0.067 0.033 0.049 0.053 0.045 0.054 0.068   2.92
186 F  0.029 0.014 0.016 0.010 0.036 0.009 0.006 0.010 0.008 0.157 0.260 0.011 0.037 0.116 0.007 0.016 0.024 0.041 0.062 0.130   2.38
187 S  0.055 0.040 0.093 0.071 0.018 0.029 0.053 0.074 0.020 0.031 0.068 0.105 0.022 0.031 0.037 0.080 0.066 0.017 0.034 0.056   2.87
188 W  0.057 0.025 0.062 0.051 0.026 0.024 0.036 0.059 0.016 0.077 0.119 0.046 0.030 0.060 0.033 0.066 0.059 0.023 0.037 0.096   2.87
189 W  0.046 0.019 0.037 0.038 0.021 0.025 0.019 0.052 0.012 0.145 0.156 0.021 0.033 0.079 0.023 0.047 0.040 0.020 0.041 0.127   2.71
190 T  0.053 0.017 0.045 0.038 0.021 0.022 0.025 0.046 0.013 0.094 0.179 0.035 0.025 0.066 0.031 0.046 0.046 0.019 0.048 0.130   2.74
191 A  0.050 0.011 0.022 0.013 0.020 0.011 0.010 0.028 0.008 0.099 0.254 0.024 0.023 0.077 0.019 0.027 0.027 0.018 0.048 0.209   2.42
192 F  0.045 0.015 0.020 0.012 0.030 0.012 0.008 0.013 0.010 0.125 0.265 0.022 0.040 0.076 0.013 0.024 0.032 0.035 0.067 0.135   2.48
193 V  0.045 0.031 0.036 0.036 0.030 0.019 0.025 0.039 0.016 0.075 0.166 0.050 0.034 0.062 0.024 0.056 0.044 0.034 0.061 0.115   2.81
194 T  0.051 0.035 0.075 0.050 0.029 0.021 0.032 0.045 0.017 0.053 0.130 0.054 0.038 0.051 0.033 0.052 0.051 0.037 0.073 0.072   2.89
195 N  0.060 0.025 0.034 0.024 0.024 0.018 0.018 0.017 0.012 0.119 0.178 0.041 0.068 0.074 0.012 0.029 0.044 0.035 0.091 0.078   2.71
196 V  0.054 0.016 0.034 0.022 0.024 0.018 0.020 0.024 0.010 0.128 0.200 0.025 0.035 0.096 0.013 0.028 0.041 0.024 0.065 0.124   2.63
197 N  0.047 0.047 0.114 0.078 0.021 0.035 0.042 0.068 0.020 0.032 0.064 0.088 0.025 0.038 0.029 0.073 0.063 0.020 0.049 0.047   2.88
198 A  0.052 0.017 0.048 0.033 0.022 0.017 0.035 0.048 0.011 0.105 0.176 0.037 0.032 0.064 0.026 0.046 0.052 0.018 0.049 0.114   2.75
199 S  0.070 0.024 0.075 0.058 0.015 0.021 0.045 0.109 0.015 0.061 0.087 0.054 0.028 0.037 0.050 0.087 0.064 0.012 0.023 0.065   2.84
200 S  0.045 0.032 0.116 0.111 0.015 0.026 0.068 0.111 0.017 0.024 0.041 0.079 0.023 0.024 0.045 0.086 0.067 0.014 0.026 0.028   2.78
201 S  0.044 0.041 0.070 0.049 0.041 0.023 0.037 0.069 0.019 0.066 0.082 0.073 0.024 0.061 0.027 0.077 0.061 0.021 0.046 0.070   2.91
202 E  0.040 0.030 0.102 0.091 0.025 0.030 0.083 0.047 0.018 0.040 0.065 0.064 0.024 0.050 0.028 0.054 0.058 0.029 0.072 0.051   2.89
203 A  0.048 0.011 0.031 0.017 0.024 0.012 0.018 0.024 0.009 0.096 0.231 0.031 0.022 0.068 0.020 0.026 0.036 0.020 0.054 0.203   2.51
204 F  0.051 0.019 0.042 0.022 0.024 0.021 0.027 0.017 0.011 0.089 0.187 0.034 0.025 0.086 0.012 0.032 0.041 0.026 0.112 0.122   2.67
205 L  0.028 0.005 0.008 0.005 0.015 0.007 0.005 0.011 0.003 0.181 0.291 0.009 0.018 0.100 0.007 0.015 0.016 0.009 0.044 0.226   2.07
206 I  0.022 0.006 0.007 0.003 0.009 0.004 0.004 0.011 0.003 0.171 0.323 0.007 0.012 0.127 0.006 0.010 0.011 0.009 0.046 0.211   1.97
207 G  0.044 0.035 0.052 0.054 0.027 0.017 0.029 0.114 0.014 0.059 0.111 0.043 0.030 0.036 0.040 0.094 0.047 0.017 0.056 0.081   2.84
208 A  0.047 0.037 0.081 0.101 0.027 0.018 0.044 0.131 0.020 0.024 0.045 0.061 0.025 0.018 0.049 0.123 0.065 0.017 0.033 0.033   2.80
209 N  0.047 0.069 0.060 0.044 0.051 0.019 0.018 0.045 0.023 0.042 0.096 0.056 0.048 0.037 0.021 0.093 0.058 0.055 0.069 0.051   2.91
210 Y  0.036 0.014 0.020 0.011 0.026 0.009 0.010 0.016 0.007 0.123 0.285 0.016 0.030 0.095 0.011 0.024 0.024 0.026 0.061 0.156   2.39
211 L  0.052 0.032 0.046 0.032 0.022 0.017 0.031 0.039 0.017 0.090 0.158 0.052 0.023 0.080 0.025 0.044 0.051 0.026 0.054 0.109   2.80
212 G  0.061 0.024 0.072 0.062 0.017 0.018 0.044 0.132 0.015 0.047 0.074 0.054 0.024 0.031 0.058 0.113 0.057 0.010 0.021 0.066   2.80
213 K  0.051 0.027 0.088 0.096 0.024 0.019 0.049 0.123 0.016 0.031 0.053 0.050 0.026 0.025 0.058 0.124 0.054 0.014 0.025 0.048   2.80
214 P  0.042 0.034 0.103 0.119 0.018 0.020 0.055 0.140 0.017 0.014 0.028 0.066 0.020 0.011 0.056 0.151 0.053 0.010 0.018 0.025   2.67
215 K  0.053 0.049 0.072 0.065 0.026 0.020 0.041 0.074 0.022 0.037 0.085 0.077 0.027 0.030 0.040 0.095 0.062 0.024 0.044 0.057   2.90
216 E  0.054 0.027 0.086 0.081 0.017 0.020 0.042 0.145 0.016 0.027 0.051 0.069 0.021 0.016 0.061 0.128 0.066 0.009 0.017 0.046   2.75
217 Q  0.056 0.024 0.088 0.083 0.013 0.021 0.048 0.161 0.015 0.023 0.041 0.080 0.018 0.012 0.058 0.133 0.068 0.006 0.014 0.039   2.69
218 I  0.051 0.029 0.076 0.083 0.022 0.024 0.037 0.120 0.016 0.044 0.081 0.047 0.027 0.035 0.046 0.086 0.047 0.017 0.038 0.074   2.86
219 D  0.059 0.023 0.087 0.078 0.018 0.022 0.038 0.144 0.015 0.034 0.056 0.059 0.023 0.020 0.055 0.124 0.065 0.009 0.020 0.051   2.77
220 G  0.057 0.022 0.069 0.068 0.024 0.021 0.035 0.110 0.014 0.045 0.086 0.050 0.024 0.046 0.049 0.095 0.049 0.013 0.037 0.084   2.85
221 Y  0.058 0.039 0.081 0.080 0.023 0.026 0.040 0.109 0.020 0.025 0.049 0.076 0.027 0.029 0.038 0.127 0.054 0.015 0.043 0.042   2.84
222 T  0.051 0.030 0.103 0.115 0.017 0.029 0.057 0.105 0.019 0.025 0.047 0.072 0.027 0.023 0.043 0.092 0.060 0.016 0.036 0.033   2.82
223 M  0.046 0.032 0.066 0.060 0.028 0.026 0.031 0.060 0.016 0.065 0.102 0.051 0.029 0.075 0.029 0.057 0.046 0.026 0.071 0.085   2.89
224 H  0.034 0.035 0.032 0.017 0.027 0.016 0.011 0.023 0.012 0.110 0.175 0.047 0.027 0.124 0.013 0.033 0.037 0.027 0.075 0.125   2.66
225 A  0.053 0.018 0.034 0.019 0.019 0.015 0.015 0.042 0.011 0.123 0.203 0.030 0.026 0.078 0.023 0.041 0.041 0.017 0.042 0.151   2.62
226 N  0.048 0.021 0.063 0.079 0.019 0.027 0.048 0.059 0.014 0.071 0.121 0.035 0.025 0.063 0.033 0.047 0.046 0.023 0.074 0.083   2.86
227 Y  0.042 0.020 0.021 0.021 0.027 0.016 0.013 0.023 0.012 0.111 0.213 0.028 0.030 0.086 0.013 0.033 0.032 0.028 0.079 0.152   2.59
228 I  0.044 0.056 0.071 0.047 0.039 0.025 0.040 0.046 0.021 0.044 0.089 0.097 0.023 0.053 0.021 0.066 0.051 0.027 0.067 0.072   2.91
229 F  0.052 0.044 0.085 0.066 0.024 0.031 0.029 0.069 0.021 0.039 0.076 0.094 0.026 0.040 0.032 0.081 0.063 0.020 0.046 0.063   2.89
230 W  0.037 0.011 0.019 0.009 0.033 0.011 0.006 0.013 0.008 0.110 0.237 0.020 0.030 0.115 0.009 0.017 0.024 0.026 0.081 0.185   2.40
231 R  0.039 0.022 0.019 0.009 0.062 0.010 0.007 0.018 0.012 0.130 0.199 0.027 0.030 0.100 0.008 0.027 0.033 0.031 0.076 0.141   2.56
232 N  0.049 0.048 0.096 0.066 0.037 0.027 0.041 0.080 0.022 0.030 0.052 0.105 0.021 0.026 0.030 0.097 0.060 0.018 0.047 0.047   2.87
233 T  0.053 0.030 0.093 0.079 0.020 0.021 0.042 0.125 0.017 0.027 0.056 0.075 0.020 0.027 0.060 0.101 0.059 0.014 0.027 0.054   2.81
234 N  0.046 0.028 0.090 0.096 0.018 0.022 0.053 0.137 0.017 0.025 0.046 0.070 0.019 0.024 0.060 0.109 0.058 0.012 0.023 0.045   2.78
235 P  0.047 0.026 0.092 0.105 0.014 0.022 0.062 0.143 0.016 0.021 0.038 0.071 0.018 0.013 0.063 0.128 0.061 0.009 0.017 0.034   2.71
236 I  0.054 0.019 0.051 0.035 0.024 0.016 0.035 0.053 0.011 0.063 0.166 0.053 0.031 0.058 0.029 0.045 0.042 0.020 0.061 0.135   2.77
237 Q  0.058 0.027 0.094 0.081 0.019 0.025 0.041 0.118 0.016 0.025 0.058 0.079 0.024 0.018 0.051 0.118 0.063 0.010 0.024 0.051   2.79
238 L  0.062 0.023 0.081 0.042 0.045 0.019 0.026 0.058 0.015 0.045 0.121 0.064 0.036 0.041 0.023 0.059 0.063 0.021 0.055 0.100   2.86
239 S  0.073 0.022 0.085 0.054 0.029 0.021 0.036 0.067 0.015 0.041 0.099 0.077 0.033 0.034 0.033 0.067 0.063 0.018 0.042 0.091   2.87
240 S  0.068 0.021 0.052 0.028 0.027 0.014 0.027 0.056 0.013 0.073 0.157 0.050 0.031 0.049 0.031 0.052 0.052 0.021 0.042 0.138   2.78
241 Y  0.055 0.025 0.075 0.072 0.023 0.020 0.040 0.120 0.015 0.031 0.076 0.064 0.021 0.025 0.055 0.113 0.058 0.012 0.031 0.070   2.82
242 S  0.055 0.048 0.096 0.087 0.014 0.028 0.049 0.076 0.017 0.026 0.046 0.123 0.033 0.024 0.040 0.084 0.058 0.015 0.053 0.028   2.83
243 L  0.068 0.029 0.062 0.042 0.023 0.025 0.027 0.042 0.015 0.066 0.123 0.063 0.043 0.052 0.025 0.061 0.055 0.022 0.073 0.081   2.87
244 F  0.056 0.037 0.085 0.069 0.020 0.022 0.034 0.117 0.019 0.032 0.057 0.078 0.027 0.027 0.055 0.113 0.061 0.015 0.028 0.049   2.84
245 D  0.058 0.031 0.092 0.092 0.015 0.023 0.046 0.134 0.017 0.025 0.039 0.081 0.025 0.014 0.049 0.129 0.070 0.009 0.019 0.032   2.74
246 M  0.066 0.029 0.086 0.066 0.018 0.026 0.043 0.066 0.015 0.051 0.090 0.081 0.030 0.030 0.035 0.080 0.072 0.014 0.044 0.057   2.87
247 S  0.045 0.024 0.103 0.122 0.013 0.022 0.055 0.160 0.015 0.013 0.022 0.078 0.016 0.008 0.056 0.143 0.063 0.006 0.012 0.023   2.61
248 K  0.047 0.027 0.111 0.106 0.017 0.022 0.044 0.151 0.016 0.016 0.030 0.080 0.019 0.012 0.056 0.129 0.066 0.008 0.015 0.029   2.67
249 F  0.060 0.026 0.077 0.043 0.048 0.019 0.025 0.068 0.012 0.058 0.102 0.065 0.031 0.051 0.025 0.064 0.054 0.015 0.072 0.084   2.87
250 P  0.048 0.033 0.110 0.084 0.018 0.023 0.041 0.134 0.015 0.018 0.041 0.098 0.019 0.018 0.052 0.115 0.058 0.009 0.026 0.040   2.74
251 L  0.043 0.020 0.032 0.013 0.017 0.012 0.013 0.044 0.009 0.095 0.211 0.032 0.026 0.109 0.021 0.031 0.027 0.017 0.057 0.168   2.56
252 K  0.065 0.025 0.078 0.061 0.018 0.019 0.041 0.135 0.016 0.037 0.063 0.075 0.024 0.024 0.054 0.107 0.063 0.010 0.019 0.067   2.80
253 L  0.059 0.031 0.083 0.064 0.020 0.020 0.043 0.123 0.017 0.036 0.062 0.072 0.027 0.027 0.054 0.103 0.060 0.014 0.024 0.062   2.83
254 R  0.061 0.022 0.046 0.020 0.019 0.015 0.024 0.052 0.011 0.107 0.169 0.040 0.027 0.075 0.024 0.053 0.048 0.016 0.034 0.139   2.71
255 G  0.058 0.029 0.087 0.072 0.023 0.020 0.037 0.115 0.018 0.032 0.057 0.082 0.024 0.025 0.054 0.108 0.068 0.013 0.023 0.055   2.82
256 T  0.042 0.024 0.034 0.022 0.035 0.014 0.017 0.033 0.013 0.090 0.188 0.034 0.040 0.083 0.023 0.045 0.038 0.035 0.063 0.126   2.72
257 A  0.053 0.026 0.068 0.061 0.021 0.022 0.040 0.099 0.015 0.054 0.095 0.060 0.027 0.030 0.047 0.099 0.063 0.013 0.031 0.075   2.85
258 V  0.051 0.031 0.070 0.068 0.020 0.023 0.040 0.112 0.018 0.042 0.072 0.067 0.027 0.026 0.054 0.113 0.064 0.013 0.032 0.056   2.84
259 M  0.048 0.015 0.033 0.029 0.020 0.014 0.025 0.066 0.011 0.124 0.190 0.031 0.027 0.052 0.033 0.059 0.050 0.013 0.032 0.128   2.68
260 S  0.045 0.034 0.082 0.096 0.014 0.021 0.067 0.132 0.019 0.026 0.047 0.076 0.019 0.018 0.058 0.112 0.061 0.013 0.021 0.039   2.78
261 L  0.049 0.024 0.038 0.039 0.021 0.021 0.026 0.060 0.014 0.124 0.153 0.045 0.031 0.038 0.031 0.078 0.062 0.013 0.038 0.096   2.77
262 K  0.055 0.032 0.087 0.085 0.018 0.025 0.048 0.106 0.018 0.032 0.055 0.081 0.024 0.020 0.049 0.116 0.071 0.012 0.025 0.041   2.81
263 E  0.056 0.029 0.080 0.071 0.018 0.022 0.045 0.113 0.016 0.037 0.065 0.075 0.023 0.022 0.053 0.118 0.066 0.011 0.023 0.057   2.81
264 N  0.052 0.025 0.091 0.095 0.016 0.022 0.052 0.137 0.015 0.023 0.044 0.072 0.019 0.014 0.063 0.128 0.064 0.009 0.017 0.042   2.73
265 Q  0.057 0.024 0.067 0.055 0.023 0.021 0.043 0.077 0.015 0.062 0.112 0.055 0.026 0.037 0.042 0.084 0.065 0.015 0.033 0.087   2.86
266 I  0.043 0.023 0.029 0.016 0.021 0.015 0.016 0.025 0.011 0.134 0.207 0.037 0.026 0.094 0.016 0.034 0.041 0.022 0.049 0.142   2.60
267 N  0.060 0.023 0.074 0.070 0.021 0.022 0.039 0.110 0.016 0.048 0.077 0.057 0.026 0.029 0.053 0.104 0.064 0.013 0.026 0.067   2.84
268 D  0.056 0.028 0.081 0.081 0.021 0.021 0.042 0.125 0.018 0.034 0.056 0.063 0.023 0.024 0.054 0.118 0.065 0.013 0.023 0.052   2.81
269 M  0.059 0.030 0.090 0.075 0.020 0.021 0.043 0.128 0.018 0.030 0.054 0.066 0.023 0.024 0.052 0.116 0.064 0.013 0.023 0.049   2.81
270 I  0.040 0.013 0.018 0.008 0.016 0.010 0.009 0.018 0.007 0.175 0.269 0.020 0.027 0.099 0.010 0.021 0.029 0.015 0.046 0.151   2.34
271 Y  0.051 0.036 0.055 0.032 0.023 0.024 0.028 0.042 0.016 0.083 0.142 0.059 0.031 0.068 0.021 0.054 0.052 0.024 0.061 0.098   2.84
272 S  0.054 0.040 0.092 0.083 0.018 0.029 0.045 0.100 0.020 0.031 0.053 0.086 0.024 0.024 0.042 0.107 0.062 0.015 0.032 0.045   2.84
273 L  0.050 0.026 0.061 0.057 0.024 0.021 0.044 0.072 0.015 0.069 0.125 0.040 0.030 0.053 0.037 0.070 0.052 0.023 0.045 0.087   2.87
274 L  0.030 0.017 0.020 0.009 0.027 0.009 0.008 0.017 0.007 0.145 0.262 0.017 0.031 0.121 0.010 0.021 0.025 0.029 0.056 0.140   2.40
275 E  0.060 0.035 0.103 0.077 0.032 0.027 0.042 0.065 0.019 0.039 0.064 0.064 0.027 0.043 0.030 0.081 0.072 0.022 0.049 0.050   2.90
276 K  0.055 0.033 0.104 0.093 0.018 0.024 0.051 0.117 0.017 0.022 0.039 0.074 0.021 0.019 0.047 0.129 0.067 0.012 0.025 0.034   2.77
277 G  0.067 0.031 0.086 0.038 0.025 0.026 0.028 0.053 0.014 0.050 0.109 0.061 0.029 0.068 0.024 0.074 0.058 0.019 0.055 0.083   2.87
278 R  0.076 0.021 0.073 0.042 0.024 0.022 0.028 0.075 0.013 0.059 0.113 0.047 0.029 0.051 0.035 0.088 0.058 0.014 0.037 0.095   2.84
279 L  0.038 0.007 0.012 0.005 0.020 0.007 0.003 0.014 0.004 0.170 0.298 0.008 0.028 0.099 0.007 0.021 0.018 0.012 0.040 0.188   2.17
280 I  0.052 0.019 0.025 0.013 0.035 0.015 0.007 0.021 0.010 0.096 0.205 0.021 0.053 0.092 0.011 0.042 0.026 0.031 0.093 0.133   2.60
281 I  0.033 0.006 0.007 0.004 0.009 0.006 0.004 0.012 0.004 0.223 0.304 0.009 0.017 0.078 0.007 0.016 0.017 0.007 0.025 0.212   2.00
282 R  0.056 0.039 0.078 0.067 0.032 0.030 0.034 0.057 0.022 0.040 0.075 0.062 0.038 0.044 0.027 0.073 0.054 0.031 0.084 0.056   2.93
283 E  0.041 0.030 0.107 0.142 0.014 0.022 0.060 0.146 0.018 0.011 0.020 0.071 0.016 0.009 0.055 0.134 0.063 0.009 0.016 0.016   2.62
284 N  0.032 0.026 0.117 0.166 0.009 0.022 0.077 0.157 0.015 0.007 0.014 0.070 0.011 0.007 0.062 0.125 0.052 0.007 0.012 0.011   2.52
285 N  0.036 0.031 0.132 0.142 0.013 0.025 0.055 0.141 0.016 0.009 0.019 0.084 0.014 0.010 0.054 0.120 0.058 0.008 0.016 0.015   2.60
286 R  0.051 0.024 0.127 0.098 0.018 0.024 0.038 0.140 0.015 0.018 0.037 0.076 0.020 0.016 0.056 0.119 0.062 0.008 0.020 0.033   2.70
287 V  0.049 0.022 0.074 0.050 0.019 0.020 0.046 0.089 0.011 0.055 0.117 0.049 0.023 0.060 0.040 0.074 0.047 0.013 0.047 0.094   2.84
288 V  0.059 0.027 0.080 0.070 0.023 0.026 0.042 0.075 0.015 0.042 0.084 0.064 0.027 0.036 0.038 0.109 0.057 0.013 0.044 0.069   2.87
289 V  0.059 0.024 0.039 0.022 0.022 0.014 0.022 0.050 0.010 0.094 0.161 0.041 0.028 0.077 0.023 0.061 0.038 0.014 0.054 0.149   2.72
