# Predicted site specific amino acid frequencies from model WT, Lambda= 0.813
# ave(DeltaG/T)= -46.26
# Flux model: JTT
#pos AA_PDB    A     R     N     D     C     Q     E     G     H     I     L     K     M     F     P     S     T     W     Y     V Entropy
#P_MUT P= 0.065 0.073 0.019 0.062 0.003 0.022 0.068 0.105 0.057 0.040 0.098 0.057 0.013 0.029 0.054 0.048 0.044 0.031 0.039 0.073   2.84
  1 S  0.072 0.066 0.025 0.082 0.002 0.024 0.067 0.174 0.056 0.022 0.046 0.068 0.011 0.014 0.073 0.072 0.050 0.016 0.017 0.044   2.73
  2 M  0.047 0.154 0.021 0.076 0.002 0.029 0.068 0.115 0.073 0.014 0.031 0.126 0.008 0.010 0.048 0.067 0.045 0.020 0.018 0.026   2.68
  3 P  0.042 0.184 0.021 0.076 0.003 0.028 0.050 0.088 0.082 0.016 0.039 0.112 0.010 0.015 0.045 0.057 0.043 0.036 0.027 0.028   2.70
  4 R  0.037 0.176 0.012 0.032 0.002 0.024 0.035 0.046 0.072 0.047 0.105 0.079 0.014 0.042 0.026 0.033 0.033 0.063 0.057 0.063   2.75
  5 F  0.034 0.060 0.006 0.015 0.004 0.013 0.020 0.017 0.039 0.094 0.214 0.016 0.018 0.099 0.012 0.013 0.019 0.106 0.092 0.108   2.53
  6 V  0.060 0.061 0.011 0.032 0.003 0.020 0.045 0.068 0.057 0.101 0.154 0.039 0.019 0.045 0.028 0.034 0.045 0.040 0.057 0.082   2.79
  7 V  0.056 0.064 0.008 0.013 0.002 0.016 0.021 0.049 0.034 0.094 0.188 0.038 0.014 0.070 0.018 0.019 0.022 0.030 0.082 0.162   2.60
  8 Q  0.049 0.069 0.014 0.040 0.003 0.016 0.067 0.066 0.043 0.050 0.127 0.046 0.011 0.070 0.037 0.024 0.026 0.043 0.096 0.104   2.79
  9 E  0.058 0.104 0.014 0.038 0.002 0.020 0.068 0.080 0.043 0.046 0.108 0.065 0.011 0.054 0.037 0.036 0.028 0.026 0.058 0.104   2.80
 10 H  0.054 0.161 0.016 0.043 0.004 0.024 0.036 0.052 0.070 0.034 0.089 0.066 0.022 0.035 0.026 0.047 0.032 0.064 0.071 0.054   2.80
 11 H  0.065 0.110 0.022 0.070 0.003 0.030 0.060 0.086 0.068 0.025 0.072 0.072 0.013 0.022 0.046 0.059 0.046 0.037 0.036 0.057   2.84
 12 A  0.074 0.053 0.021 0.072 0.004 0.021 0.061 0.122 0.052 0.036 0.096 0.039 0.016 0.027 0.064 0.063 0.043 0.029 0.034 0.074   2.83
 13 R  0.076 0.070 0.022 0.069 0.002 0.027 0.059 0.126 0.064 0.026 0.071 0.075 0.012 0.015 0.062 0.062 0.057 0.024 0.022 0.058   2.81
 14 R  0.070 0.049 0.024 0.090 0.002 0.021 0.081 0.160 0.053 0.025 0.060 0.054 0.010 0.014 0.082 0.065 0.053 0.018 0.018 0.050   2.75
 15 L  0.057 0.102 0.019 0.080 0.002 0.025 0.074 0.099 0.066 0.023 0.064 0.075 0.012 0.021 0.062 0.063 0.041 0.027 0.040 0.048   2.82
 16 H  0.079 0.108 0.015 0.040 0.003 0.028 0.035 0.053 0.063 0.040 0.110 0.082 0.018 0.035 0.035 0.044 0.040 0.035 0.063 0.073   2.83
 17 W  0.059 0.104 0.009 0.017 0.003 0.016 0.021 0.033 0.037 0.053 0.168 0.051 0.017 0.066 0.020 0.021 0.022 0.047 0.103 0.131   2.66
 18 D  0.086 0.042 0.015 0.045 0.004 0.016 0.054 0.083 0.040 0.049 0.137 0.046 0.017 0.036 0.046 0.039 0.037 0.025 0.061 0.123   2.79
 19 L  0.033 0.011 0.004 0.004 0.004 0.004 0.009 0.014 0.012 0.106 0.371 0.006 0.007 0.067 0.011 0.004 0.011 0.031 0.057 0.234   1.99
 20 R  0.055 0.032 0.010 0.033 0.003 0.013 0.067 0.026 0.039 0.089 0.210 0.022 0.013 0.069 0.026 0.015 0.037 0.062 0.074 0.106   2.65
 21 L  0.020 0.007 0.004 0.004 0.004 0.004 0.010 0.008 0.008 0.125 0.420 0.004 0.004 0.070 0.010 0.004 0.009 0.025 0.038 0.220   1.85
 22 E  0.047 0.027 0.005 0.015 0.003 0.011 0.025 0.041 0.029 0.126 0.251 0.015 0.012 0.077 0.031 0.015 0.023 0.035 0.039 0.171   2.45
 23 M  0.063 0.044 0.015 0.053 0.003 0.021 0.072 0.073 0.049 0.066 0.137 0.038 0.013 0.043 0.050 0.031 0.045 0.036 0.042 0.106   2.81
 24 D  0.049 0.050 0.028 0.142 0.002 0.023 0.121 0.170 0.052 0.012 0.028 0.059 0.008 0.007 0.082 0.065 0.047 0.015 0.016 0.024   2.63
 25 N  0.079 0.045 0.022 0.061 0.002 0.019 0.056 0.186 0.046 0.032 0.075 0.052 0.011 0.018 0.084 0.064 0.048 0.015 0.018 0.067   2.72
 26 V  0.074 0.089 0.017 0.036 0.002 0.024 0.045 0.080 0.061 0.056 0.116 0.065 0.015 0.041 0.040 0.042 0.038 0.029 0.043 0.087   2.83
 27 L  0.044 0.151 0.010 0.023 0.002 0.021 0.039 0.033 0.073 0.068 0.119 0.080 0.014 0.058 0.020 0.025 0.033 0.056 0.063 0.068   2.75
 28 K  0.067 0.074 0.017 0.050 0.002 0.023 0.067 0.130 0.060 0.052 0.091 0.049 0.014 0.035 0.051 0.045 0.039 0.030 0.037 0.066   2.83
 29 S  0.048 0.119 0.013 0.057 0.002 0.027 0.083 0.070 0.063 0.045 0.094 0.079 0.010 0.025 0.038 0.055 0.047 0.027 0.041 0.058   2.82
 30 W  0.044 0.054 0.004 0.006 0.004 0.013 0.011 0.023 0.026 0.142 0.272 0.029 0.012 0.075 0.010 0.018 0.021 0.021 0.058 0.158   2.37
 31 A  0.071 0.071 0.012 0.031 0.002 0.022 0.032 0.090 0.046 0.067 0.136 0.057 0.015 0.045 0.037 0.055 0.038 0.018 0.059 0.097   2.79
 32 L  0.067 0.042 0.009 0.018 0.002 0.013 0.028 0.062 0.029 0.075 0.217 0.030 0.014 0.066 0.033 0.028 0.024 0.023 0.047 0.172   2.58
 33 P  0.068 0.043 0.011 0.031 0.002 0.017 0.044 0.088 0.035 0.085 0.179 0.035 0.012 0.048 0.046 0.039 0.035 0.018 0.034 0.130   2.70
 34 K  0.054 0.038 0.022 0.100 0.002 0.017 0.113 0.216 0.041 0.022 0.049 0.042 0.008 0.013 0.090 0.059 0.043 0.013 0.016 0.042   2.62
 35 G  0.059 0.045 0.019 0.070 0.002 0.016 0.086 0.209 0.041 0.030 0.070 0.042 0.010 0.021 0.088 0.056 0.040 0.016 0.022 0.058   2.69
 36 V  0.068 0.040 0.012 0.034 0.002 0.015 0.042 0.116 0.039 0.067 0.151 0.036 0.011 0.047 0.053 0.032 0.034 0.024 0.034 0.145   2.71
 37 P  0.077 0.043 0.019 0.059 0.002 0.018 0.064 0.147 0.052 0.041 0.089 0.056 0.011 0.024 0.074 0.048 0.051 0.020 0.021 0.086   2.78
 38 E  0.062 0.048 0.023 0.093 0.002 0.023 0.104 0.195 0.044 0.019 0.044 0.064 0.006 0.014 0.085 0.060 0.044 0.010 0.018 0.042   2.66
 39 K  0.070 0.053 0.023 0.076 0.002 0.020 0.066 0.202 0.052 0.021 0.047 0.067 0.009 0.011 0.086 0.072 0.051 0.012 0.015 0.043   2.68
 40 R  0.067 0.052 0.025 0.088 0.002 0.020 0.061 0.224 0.050 0.016 0.036 0.069 0.008 0.008 0.086 0.082 0.052 0.010 0.011 0.034   2.61
 41 G  0.069 0.038 0.027 0.104 0.002 0.020 0.076 0.221 0.045 0.016 0.036 0.053 0.008 0.008 0.091 0.075 0.051 0.010 0.012 0.036   2.61
 42 V  0.058 0.050 0.028 0.111 0.002 0.021 0.098 0.186 0.052 0.015 0.035 0.051 0.009 0.011 0.096 0.064 0.045 0.016 0.019 0.031   2.66
 43 K  0.069 0.052 0.026 0.082 0.002 0.018 0.062 0.232 0.049 0.016 0.035 0.065 0.009 0.009 0.092 0.075 0.048 0.011 0.011 0.036   2.61
 44 R  0.081 0.052 0.026 0.070 0.003 0.020 0.076 0.128 0.053 0.028 0.076 0.045 0.014 0.025 0.076 0.050 0.043 0.030 0.033 0.071   2.82
 45 L  0.086 0.042 0.020 0.059 0.002 0.022 0.058 0.150 0.049 0.036 0.092 0.044 0.013 0.026 0.084 0.055 0.045 0.018 0.025 0.073   2.78
 46 A  0.083 0.037 0.013 0.031 0.002 0.016 0.038 0.133 0.035 0.058 0.157 0.035 0.012 0.042 0.061 0.042 0.035 0.017 0.027 0.127   2.69
 47 I  0.084 0.050 0.017 0.055 0.003 0.018 0.043 0.167 0.047 0.034 0.089 0.043 0.013 0.025 0.077 0.065 0.044 0.019 0.030 0.075   2.76
 48 E  0.068 0.053 0.021 0.083 0.002 0.018 0.066 0.215 0.048 0.020 0.048 0.056 0.009 0.012 0.084 0.071 0.050 0.013 0.017 0.046   2.66
 49 T  0.057 0.048 0.020 0.100 0.002 0.019 0.102 0.190 0.048 0.020 0.054 0.046 0.009 0.014 0.080 0.061 0.047 0.019 0.022 0.042   2.69
 50 E  0.070 0.053 0.024 0.087 0.002 0.018 0.085 0.196 0.053 0.020 0.045 0.052 0.009 0.013 0.086 0.065 0.052 0.016 0.015 0.040   2.68
 51 D  0.082 0.038 0.025 0.070 0.002 0.020 0.101 0.138 0.044 0.031 0.079 0.045 0.011 0.023 0.075 0.046 0.045 0.021 0.025 0.079   2.77
 52 H  0.075 0.034 0.015 0.049 0.003 0.014 0.075 0.120 0.046 0.054 0.126 0.032 0.013 0.039 0.066 0.034 0.042 0.031 0.029 0.103   2.77
 53 D  0.081 0.036 0.017 0.052 0.002 0.018 0.056 0.142 0.045 0.053 0.113 0.037 0.013 0.031 0.074 0.046 0.046 0.020 0.023 0.096   2.76
 54 L  0.073 0.041 0.014 0.030 0.003 0.015 0.042 0.082 0.039 0.064 0.177 0.041 0.013 0.040 0.046 0.031 0.043 0.026 0.031 0.150   2.70
 55 S  0.070 0.048 0.025 0.089 0.002 0.021 0.077 0.211 0.050 0.019 0.040 0.059 0.009 0.011 0.083 0.070 0.051 0.013 0.013 0.039   2.66
 56 Y  0.061 0.029 0.009 0.025 0.003 0.013 0.045 0.049 0.033 0.106 0.229 0.024 0.016 0.054 0.033 0.021 0.033 0.031 0.056 0.130   2.61
 57 I  0.050 0.034 0.006 0.012 0.003 0.010 0.025 0.036 0.033 0.107 0.277 0.026 0.011 0.053 0.024 0.016 0.027 0.032 0.051 0.165   2.45
 58 D  0.064 0.045 0.019 0.085 0.002 0.021 0.088 0.161 0.053 0.033 0.069 0.050 0.010 0.015 0.077 0.061 0.055 0.016 0.022 0.053   2.75
 59 F  0.067 0.037 0.011 0.035 0.003 0.017 0.047 0.066 0.040 0.090 0.187 0.038 0.015 0.037 0.042 0.029 0.043 0.027 0.042 0.129   2.71
 60 E  0.077 0.042 0.023 0.078 0.002 0.021 0.108 0.137 0.047 0.029 0.076 0.049 0.011 0.017 0.068 0.051 0.049 0.020 0.024 0.071   2.77
 61 G  0.072 0.061 0.022 0.069 0.003 0.018 0.072 0.145 0.052 0.027 0.077 0.059 0.012 0.016 0.069 0.059 0.049 0.025 0.021 0.072   2.78
 62 R  0.065 0.068 0.022 0.076 0.002 0.020 0.068 0.146 0.056 0.025 0.070 0.063 0.011 0.015 0.077 0.063 0.050 0.023 0.023 0.055   2.78
 63 I  0.073 0.039 0.015 0.041 0.005 0.015 0.033 0.076 0.044 0.058 0.169 0.027 0.019 0.042 0.048 0.034 0.036 0.047 0.048 0.130   2.75
 64 P  0.081 0.035 0.022 0.083 0.002 0.023 0.076 0.187 0.045 0.026 0.064 0.047 0.010 0.014 0.082 0.067 0.049 0.012 0.019 0.058   2.70
 65 E  0.070 0.048 0.022 0.090 0.002 0.023 0.085 0.167 0.050 0.023 0.062 0.052 0.011 0.014 0.076 0.069 0.049 0.017 0.022 0.049   2.74
 66 G  0.080 0.047 0.026 0.085 0.002 0.023 0.071 0.193 0.051 0.017 0.042 0.069 0.008 0.011 0.086 0.070 0.050 0.011 0.015 0.043   2.68
 67 M  0.077 0.052 0.020 0.066 0.002 0.023 0.062 0.147 0.054 0.034 0.079 0.057 0.012 0.020 0.076 0.062 0.050 0.017 0.025 0.066   2.79
 68 Y  0.074 0.026 0.025 0.096 0.002 0.018 0.086 0.231 0.040 0.020 0.044 0.041 0.008 0.011 0.097 0.066 0.049 0.009 0.012 0.043   2.59
 69 G  0.072 0.030 0.020 0.090 0.002 0.020 0.082 0.181 0.042 0.036 0.070 0.037 0.010 0.017 0.088 0.067 0.048 0.011 0.020 0.056   2.70
 70 A  0.049 0.102 0.014 0.069 0.003 0.025 0.061 0.076 0.065 0.038 0.100 0.052 0.017 0.033 0.048 0.057 0.035 0.037 0.067 0.055   2.85
 71 G  0.052 0.096 0.016 0.079 0.003 0.022 0.082 0.089 0.062 0.028 0.084 0.062 0.016 0.021 0.049 0.069 0.040 0.032 0.047 0.050   2.83
 72 E  0.046 0.084 0.023 0.126 0.002 0.021 0.137 0.121 0.061 0.013 0.035 0.067 0.010 0.011 0.064 0.069 0.039 0.021 0.025 0.025   2.69
 73 V  0.051 0.115 0.012 0.042 0.003 0.020 0.040 0.042 0.068 0.056 0.138 0.080 0.014 0.029 0.035 0.032 0.045 0.046 0.056 0.075   2.79
 74 K  0.066 0.098 0.016 0.051 0.002 0.022 0.076 0.081 0.059 0.035 0.087 0.113 0.010 0.021 0.049 0.043 0.045 0.021 0.033 0.073   2.80
 75 I  0.066 0.043 0.008 0.015 0.003 0.012 0.026 0.047 0.043 0.093 0.218 0.042 0.013 0.039 0.027 0.022 0.035 0.029 0.057 0.163   2.59
 76 W  0.071 0.069 0.016 0.044 0.002 0.021 0.085 0.073 0.049 0.044 0.116 0.073 0.011 0.034 0.041 0.031 0.040 0.028 0.053 0.099   2.81
 77 D  0.061 0.029 0.014 0.043 0.004 0.012 0.059 0.086 0.037 0.060 0.190 0.020 0.016 0.033 0.052 0.029 0.033 0.041 0.054 0.127   2.70
 78 S  0.059 0.040 0.016 0.057 0.004 0.015 0.077 0.095 0.044 0.048 0.152 0.029 0.015 0.026 0.060 0.038 0.041 0.041 0.050 0.094   2.79
 79 G  0.053 0.043 0.028 0.127 0.002 0.020 0.130 0.136 0.056 0.015 0.046 0.041 0.009 0.013 0.097 0.050 0.045 0.027 0.029 0.031   2.70
 80 E  0.064 0.040 0.018 0.075 0.003 0.022 0.084 0.085 0.052 0.038 0.130 0.031 0.013 0.029 0.069 0.036 0.041 0.041 0.051 0.080   2.82
 81 Y  0.045 0.035 0.006 0.014 0.003 0.011 0.020 0.032 0.031 0.074 0.315 0.021 0.011 0.051 0.031 0.015 0.022 0.040 0.065 0.159   2.40
 82 E  0.080 0.031 0.021 0.057 0.002 0.021 0.088 0.087 0.041 0.048 0.137 0.036 0.009 0.033 0.065 0.032 0.043 0.022 0.037 0.109   2.77
 83 L  0.064 0.027 0.014 0.059 0.002 0.018 0.070 0.103 0.041 0.063 0.159 0.027 0.011 0.029 0.067 0.033 0.041 0.023 0.039 0.109   2.73
 84 L  0.073 0.051 0.018 0.053 0.002 0.019 0.075 0.105 0.051 0.042 0.128 0.047 0.011 0.024 0.065 0.041 0.044 0.026 0.035 0.090   2.80
 85 E  0.070 0.025 0.021 0.097 0.002 0.021 0.140 0.127 0.038 0.040 0.083 0.026 0.010 0.020 0.075 0.049 0.046 0.017 0.026 0.067   2.72
 86 R  0.077 0.052 0.017 0.056 0.002 0.025 0.059 0.126 0.053 0.058 0.103 0.041 0.015 0.028 0.056 0.051 0.043 0.022 0.036 0.081   2.82
 87 T  0.059 0.052 0.025 0.113 0.002 0.023 0.094 0.174 0.054 0.017 0.038 0.061 0.009 0.009 0.082 0.072 0.051 0.014 0.018 0.033   2.68
 88 E  0.058 0.039 0.030 0.134 0.002 0.020 0.114 0.204 0.046 0.010 0.025 0.050 0.007 0.008 0.092 0.067 0.045 0.012 0.013 0.024   2.57
 89 N  0.083 0.043 0.018 0.051 0.002 0.022 0.059 0.126 0.045 0.058 0.108 0.042 0.014 0.029 0.061 0.052 0.049 0.018 0.025 0.094   2.79
 90 K  0.069 0.079 0.018 0.049 0.002 0.022 0.075 0.107 0.057 0.040 0.088 0.070 0.013 0.028 0.050 0.049 0.047 0.028 0.030 0.078   2.83
 91 I  0.043 0.031 0.005 0.009 0.004 0.008 0.022 0.034 0.022 0.115 0.252 0.017 0.009 0.108 0.019 0.011 0.017 0.031 0.048 0.194   2.37
 92 K  0.056 0.113 0.007 0.011 0.002 0.013 0.021 0.039 0.053 0.079 0.174 0.073 0.011 0.054 0.023 0.021 0.030 0.039 0.033 0.147   2.62
 93 F  0.030 0.034 0.005 0.005 0.005 0.005 0.005 0.009 0.017 0.154 0.300 0.013 0.008 0.134 0.006 0.005 0.009 0.030 0.025 0.205   2.09
 94 L  0.052 0.219 0.014 0.029 0.003 0.022 0.027 0.062 0.079 0.024 0.063 0.147 0.010 0.022 0.032 0.042 0.038 0.036 0.028 0.053   2.64
 95 A  0.062 0.110 0.019 0.041 0.004 0.019 0.018 0.086 0.073 0.035 0.102 0.080 0.015 0.034 0.049 0.038 0.042 0.047 0.047 0.078   2.82
 96 K  0.054 0.173 0.015 0.046 0.002 0.020 0.032 0.100 0.082 0.025 0.066 0.093 0.014 0.015 0.043 0.061 0.045 0.038 0.032 0.045   2.74
 97 G  0.063 0.081 0.026 0.093 0.002 0.024 0.062 0.153 0.074 0.019 0.043 0.070 0.013 0.013 0.060 0.063 0.051 0.024 0.034 0.031   2.77
 98 R  0.057 0.076 0.028 0.106 0.002 0.023 0.080 0.186 0.068 0.013 0.025 0.076 0.010 0.009 0.065 0.069 0.051 0.016 0.020 0.021   2.66
 99 K  0.058 0.104 0.021 0.062 0.002 0.022 0.054 0.165 0.064 0.022 0.044 0.102 0.010 0.020 0.062 0.058 0.041 0.018 0.028 0.041   2.73
100 M  0.047 0.022 0.005 0.008 0.003 0.007 0.012 0.018 0.025 0.087 0.310 0.015 0.013 0.063 0.015 0.009 0.018 0.051 0.086 0.185   2.29
101 N  0.063 0.063 0.023 0.100 0.002 0.024 0.075 0.143 0.060 0.022 0.058 0.057 0.012 0.018 0.072 0.065 0.048 0.026 0.027 0.043   2.79
102 G  0.083 0.061 0.018 0.046 0.003 0.021 0.035 0.119 0.056 0.039 0.117 0.061 0.013 0.022 0.065 0.056 0.049 0.022 0.033 0.083   2.79
103 E  0.077 0.058 0.018 0.041 0.003 0.017 0.057 0.095 0.051 0.045 0.134 0.052 0.012 0.033 0.060 0.039 0.045 0.031 0.037 0.095   2.81
104 Y  0.058 0.041 0.011 0.027 0.004 0.017 0.036 0.035 0.041 0.062 0.214 0.028 0.015 0.052 0.030 0.019 0.030 0.051 0.091 0.138   2.65
105 V  0.068 0.045 0.017 0.075 0.002 0.023 0.103 0.110 0.052 0.045 0.093 0.047 0.010 0.023 0.067 0.046 0.048 0.021 0.029 0.076   2.80
106 L  0.048 0.020 0.006 0.011 0.003 0.009 0.019 0.033 0.020 0.096 0.315 0.016 0.010 0.071 0.022 0.012 0.021 0.022 0.058 0.187   2.30
107 I  0.063 0.053 0.028 0.091 0.002 0.021 0.067 0.212 0.050 0.017 0.043 0.063 0.010 0.010 0.081 0.074 0.051 0.012 0.017 0.034   2.66
108 K  0.049 0.092 0.029 0.105 0.002 0.028 0.080 0.160 0.062 0.010 0.027 0.104 0.007 0.007 0.065 0.072 0.051 0.012 0.017 0.020   2.66
